332093.6
329904.3
327731.0
325573.5
323431.6
321305.3
319194.4
317098.9
315018.5
312953.2
310902.9
308867.3
306846.5
304840.3
302848.6
300871.3
298908.2
296959.2
295024.3
293103.3
291196.1
289302.7
287422.8
285556.4
283703.4
281863.7
280037.2
278223.8
276423.3
274635.7
272860.9
271098.7
269349.1
267612.0
265887.33
264174.90
262474.65
260786.51
259110.36
257446.12
255793.70
254153.00
252523.94
250906.42
249300.35
247705.66
246122.24
244550.01
242988.89
241438.79
239899.62
238371.31
236853.76
235346.90
233850.64
232364.91
230889.61
229424.68
227970.03
226525.58
225091.26
223666.98
222252.68
220848.27
219453.68
218068.84
216693.66
215328.09
213972.03
212625.43
211288.21
209960.29
208641.62
207332.11
206031.70
204740.32
203457.90
202184.37
200919.66
199663.72
198416.47
197177.85
195947.78
194726.22
193513.09
192308.33
191111.87
189923.66
188743.63
187571.73
186407.88
185252.03
184104.12
182964.09
181831.89
180707.44
179590.70
178481.60
177380.10
176286.13
175199.63
174120.55
173048.84
171984.44
170927.30
169877.36
168834.57
167798.87
166770.21
165748.55
164733.82
163725.98
162724.98
161730.76
160743.28
159762.48
158788.32
157820.75
156859.71
155905.17
154957.06
154015.35
153079.99
152150.93
151228.12
150311.52
149401.09
148496.77
147598.52
146706.30
145820.07
144939.78
144065.38
143196.83
142334.10
141477.13
140625.89
139780.34
138940.43
138106.11
137277.36
136454.13
135636.38
134824.07
134017.16
133215.61
132419.38
131628.44
130842.74
130062.25
129286.93
128516.74
127751.65
126991.61
126236.60
125486.57
124741.49
124001.32
123266.04
122535.59
121809.96
121089.09
120372.97
119661.55
118954.80
118252.69
117555.19
116862.25
116173.86
115489.97
114810.55
114135.58
113465.02
112798.83
112137.00
111479.48
110826.24
110177.26
109532.50
108891.94
108255.54
107623.28
106995.12
106371.04
105751.01
105135.00
104522.97
103914.91
103310.78
102710.56
102114.22
101521.73
100933.06
100348.18
99767.08
99189.72
98616.08
98046.13
97479.84
96917.19
96358.16
95802.71
95250.83
94702.48
94157.65
93616.30
93078.42
92543.98
92012.95
91485.31
90961.05
90440.12
89922.52
89408.21
88897.18
88389.40
87884.85
87383.51
86885.35
86390.36
85898.50
85409.76
84924.12
84441.55
83962.04
83485.56
83012.09
82541.61
82074.10
81609.55
81147.92
80689.20
80233.37
79780.40
79330.29
78883.01
78438.53
77996.85
77557.94
77121.78
76688.35
76257.64
75829.62
75404.29
74981.61
74561.57
74144.15
73729.34
73317.12
72907.46
72500.36
72095.79
71693.74
71294.19
70897.12
70502.52
70110.36
69720.64
69333.34
68948.43
68565.91
68185.75
67807.95
67432.48
67059.33
66688.48
66319.92
65953.63
65589.60
65227.81
64868.25
64510.90
64155.75
63802.78
63451.97
63103.32
62756.80
62412.41
62070.13
61729.94
61391.84
61055.80
60721.81
60389.87
60059.95
59732.04
59406.13
59082.20
58760.25
58440.26
58122.21
57806.10
57491.90
57179.61
56869.22
56560.71
56254.07
55949.28
55646.34
55345.23
55045.94
54748.46
54452.78
54158.88
53866.75
53576.38
53287.76
53000.88
52715.72
52432.28
52150.54
51870.50
51592.13
51315.43
51040.40
50767.01
50495.25
50225.13
49956.61
49689.71
49424.39
49160.66
48898.51
48637.91
48378.87
48121.38
47865.41
47610.97
47358.04
47106.61
46856.68
46608.22
46361.25
46115.73
45871.67
45629.06
45387.88
45148.12
44909.79
44672.86
44437.33
44203.19
43970.42
43739.04
43509.01
43280.33
43053.01
42827.01
42602.35
42379.00
42156.97
41936.24
41716.80
41498.64
41281.77
41066.16
40851.81
40638.72
40426.87
40216.25
40006.87
39798.70
39591.75
39386.01
39181.46
38978.10
38775.92
38574.92
38375.08
38176.41
37978.88
37782.50
37587.26
37393.15
37200.16
37008.29
36817.53
36627.86
36439.30
36251.82
36065.42
35880.09
35695.84
35512.64
35330.50
35149.40
34969.34
34790.32
34612.33
34435.35
34259.39
34084.44
33910.49
33737.54
33565.57
33394.59
33224.58
33055.55
32887.48
32720.36
32554.20
32388.99
32224.71
32061.37
31898.96
31737.48
31576.90
31417.24
31258.49
31100.64
30943.68
30787.60
30632.42
30478.11
30324.67
30172.10
30020.39
29869.53
29719.53
29570.37
29422.05
29274.57
29127.92
28982.09
28837.08
28692.89
28549.50
28406.92
28265.14
28124.15
27983.96
27844.54
27705.91
27568.05
27430.97
27294.64
27159.08
27024.28
26890.23
26756.92
26624.36
26492.53
26361.44
26231.07
26101.43
25972.51
25844.30
25716.81
25590.02
25463.94
25338.55
25213.86
25089.85
24966.54
24843.90
24721.94
24600.65
24480.03
24360.08
24240.78
24122.15
24004.16
23886.83
23770.14
23654.09
23538.68
23423.90
23309.75
23196.22
23083.32
22971.03
22859.36
22748.30
22637.85
22528.00
22418.75
22310.09
22202.03
22094.56
21987.67
21881.36
21775.63
21670.48
21565.90
21461.88
21358.43
21255.54
21153.21
21051.44
20950.21
20849.53
20749.40
20649.81
20550.75
20452.23
20354.24
20256.78
20159.85
20063.44
19967.55
19872.17
19777.30
19682.95
19589.10
19495.76
19402.92
19310.57
19218.72
19127.36
19036.49
18946.11
18856.21
18766.79
18677.85
18589.39
18501.39
18413.87
18326.81
18240.21
18154.08
18068.40
17983.18
17898.42
17814.10
17730.23
17646.81
17563.82
17481.28
17399.18
17317.50
17236.27
17155.46
17075.08
16995.12
16915.58
16836.47
16757.77
16679.49
16601.61
16524.15
16447.10
16370.45
16294.20
16218.36
16142.91
16067.86
15993.20
15918.93
15845.06
15771.57
15698.46
15625.73
15553.39
15481.42
15409.83
15338.62
15267.77
15197.29
15127.18
15057.44
14988.06
14919.04
14850.37
14782.07
14714.12
14646.52
14579.27
14512.37
14445.82
14379.61
14313.74
14248.22
14183.03
14118.18
14053.67
13989.48
13925.63
13862.11
13798.91
13736.04
13673.50
13611.27
13549.37
13487.78
13426.51
13365.55
13304.91
13244.58
13184.55
13124.84
13065.42
13006.32
12947.51
12889.01
12830.80
12772.89
12715.28
12657.96
12600.93
12544.19
12487.74
12431.58
12375.71
12320.11
12264.80
12209.77
12155.02
12100.55
12046.35
11992.43
11938.78
11885.40
11832.29
11779.45
11726.88
11674.57
11622.53
11570.75
11519.23
11467.97
11416.96
11366.22
11315.72
11265.49
11215.50
11165.77
11116.28
11067.04
11018.05
10969.31
10920.81
10872.55
10824.53
10776.75
10729.22
10681.91
10634.85
10588.02
10541.42
10495.06
10448.92
10403.02
10357.34
10311.89
10266.67
10221.67
10176.89
10132.34
10088.01
10043.89
10000.00
9956.32
9912.86
9869.61
9826.58
9783.76
9741.15
9698.75
9656.56
9614.58
9572.81
9531.24
9489.87
9448.71
9407.75
9366.99
9326.43
9286.07
9245.91
9205.95
9166.18
9126.60
9087.22
9048.04
9009.04
8970.23
8931.62
8893.19
8854.95
8816.89
8779.03
8741.34
8703.84
8666.52
8629.38
8592.43
8555.65
8519.05
8482.63
8446.39
8410.32
8374.42
8338.70
8303.15
8267.78
8232.57
8197.54
8162.67
8127.97
8093.44
8059.08
8024.88
7990.85
7956.98
7923.27
7889.72
7856.34
7823.12
7790.05
7757.15
7724.40
7691.81
7659.37
7627.09
7594.97
7563.00
7531.18
7499.51
7468.00
7436.63
7405.42
7374.35
7343.43
7312.66
7282.03
7251.55
7221.22
7191.03
7160.98
7131.07
7101.31
7071.69
7042.21
7012.87
6983.66
6954.60
6925.67
6896.88
6868.22
6839.71
6811.32
6783.07
6754.95
6726.97
6699.11
6671.39
6643.80
6616.33
6589.00
6561.80
6534.72
6507.77
6480.94
6454.24
6427.67
6401.22
6374.90
6348.69
6322.61
6296.66
6270.82
6245.10
6219.51
6194.03
6168.67
6143.43
6118.31
6093.30
6068.41
6043.64
6018.98
5994.43
5970.00
5945.68
5921.48
5897.39
5873.41
5849.54
5825.78
5802.13
5778.59
5755.15
5731.83
5708.61
5685.50
5662.50
5639.60
5616.81
5594.12
5571.54
5549.06
5526.69
5504.42
5482.25
5460.18
5438.21
5416.34
5394.57
5372.91
5351.34
5329.87
5308.50
5287.22
5266.05
5244.97
5223.98
5203.09
5182.30
5161.60
5141.00
5120.49
5100.07
5079.74
5059.51
5039.37
5019.32
4999.36
4979.49
4959.72
4940.03
4920.43
4900.92
4881.49
4862.16
4842.91
4823.75
4804.68
4785.69
4766.79
4747.97
4729.23
4710.59
4692.02
4673.54
4655.14
4636.82
4618.59
4600.44
4582.37
4564.38
4546.47
4528.64
4510.89
4493.22
4475.63
4458.12
4440.68
4423.33
4406.05
4388.85
4371.72
4354.67
4337.70
4320.80
4303.98
4287.23
4270.56
4253.96
4237.43
4220.98
4204.60
4188.29
4172.06
4155.89
4139.80
4123.78
4107.83
4091.95
4076.14
4060.40
4044.73
4029.13
4013.60
3998.13
3982.74
3967.41
3952.15
3936.96
3921.83
3906.77
3891.77
3876.84
3861.98
3847.18
3832.45
3817.78
3803.17
3788.63
3774.16
3759.74
3745.39
3731.10
3716.87
3702.71
3688.61
3674.56
3660.58
3646.66
3632.81
3619.01
3605.27
3591.59
3577.97
3564.41
3550.90
3537.46
3524.07
3510.75
3497.48
3484.26
3471.11
3458.01
3444.97
3431.98
3419.05
3406.18
3393.36
3380.59
3367.88
3355.23
3342.63
3330.08
3317.59
3305.15
3292.77
3280.44
3268.16
3255.93
3243.76
3231.64
3219.57
3207.55
3195.58
3183.67
3171.80
3159.99
3148.22
3136.51
3124.84
3113.23
3101.66
3090.15
3078.68
3067.26
3055.89
3044.57
3033.30
3022.07
3010.89
2999.76
2988.68
2977.64
2966.65
2955.71
2944.81
2933.96
2923.16
2912.40
2901.68
2891.01
2880.39
2869.81
2859.27
2848.78
2838.33
2827.93
2817.57
2807.26
2796.98
2786.75
2776.57
2766.42
2756.32
2746.26
2736.25
2726.27
2716.34
2706.45
2696.60
2686.79
2677.02
2667.29
2657.60
2647.96
2638.35
2628.78
2619.25
2609.77
2600.32
2590.91
2581.54
2572.21
2562.92
2553.66
2544.45
2535.27
2526.13
2517.03
2507.97
2498.94
2489.95
2481.00
2472.08
2463.20
2454.36
2445.56
2436.79
2428.06
2419.36
2410.70
2402.07
2393.48
2384.93
2376.41
2367.92
2359.47
2351.06
2342.67
2334.33
2326.01
2317.74
2309.49
2301.28
2293.10
2284.96
2276.85
2268.77
2260.72
2252.71
2244.73
2236.78
2228.87
2220.99
2213.14
2205.32
2197.53
2189.77
2182.05
2174.36
2166.70
2159.06
2151.46
2143.90
2136.36
2128.85
2121.37
2113.92
2106.51
2099.12
2091.76
2084.43
2077.14
2069.87
2062.63
2055.42
2048.23
2041.08
2033.96
2026.86
2019.79
2012.75
2005.74
1998.76
1991.81
1984.88
1977.98
1971.11
1964.27
1957.45
1950.66
1943.90
1937.16
1930.45
1923.77
1917.12
1910.49
1903.89
1897.31
1890.76
1884.23
1877.74
1871.26
1864.82
1858.40
1852.00
1845.63
1839.29
1832.97
1826.67
1820.40
1814.16
1807.94
1801.74
1795.57
1789.42
1783.30
1777.20
1771.12
1765.07
1759.05
1753.04
1747.06
1741.11
1735.17
1729.26
1723.38
1717.51
1711.67
1705.86
1700.06
1694.29
1688.54
1682.81
1677.11
1671.42
1665.76
1660.13
1654.51
1648.92
1643.34
1637.79
1632.26
1626.76
1621.27
1615.80
1610.36
1604.94
1599.54
1594.16
1588.80
1583.46
1578.14
1572.84
1567.57
1562.31
1557.07
1551.86
1546.66
1541.48
1536.33
1531.19
1526.08
1520.98
1515.90
1510.85
1505.81
1500.79
1495.79
1490.81
1485.85
1480.91
1475.98
1471.08
1466.20
1461.33
1456.48
1451.65
1446.84
1442.05
1437.28
1432.52
1427.78
1423.06
1418.36
1413.68
1409.01
1404.36
1399.73
1395.12
1390.53
1385.95
1381.39
1376.84
1372.32
1367.81
1363.32
1358.84
1354.39
1349.95
1345.52
1341.12
1336.73
1332.35
1328.00
1323.65
1319.33
1315.02
1310.73
1306.46
1302.20
1297.95
1293.73
1289.51
1285.32
1281.14
1276.97
1272.83
1268.69
1264.58
1260.47
1256.39
1252.32
1248.26
1244.22
1240.19
1236.18
1232.19
1228.21
1224.24
1220.29
1216.35
1212.43
1208.52
1204.63
1200.75
1196.89
1193.04
1189.21
1185.39
1181.58
1177.79
1174.01
1170.24
1166.49
1162.76
1159.04
1155.33
1151.63
1147.95
1144.28
1140.63
1136.99
1133.36
1129.75
1126.15
1122.56
1118.99
1115.43
1111.88
1108.34
1104.82
1101.31
1097.82
1094.34
1090.87
1087.41
1083.96
1080.53
1077.11
1073.71
1070.31
1066.93
1063.56
1060.20
1056.86
1053.52
1050.20
1046.90
1043.60
1040.31
1037.04
1033.78
1030.53
1027.30
1024.07
1020.86
1017.66
1014.47
1011.29
1008.12
1004.97
1001.82
998.69
995.57
992.46
989.36
986.27
983.20
980.13
977.08
974.03
971.00
967.98
964.97
961.97
958.98
956.01
953.04
950.08
947.14
944.20
941.28
938.36
935.46
932.57
929.68
926.81
923.95
921.10
918.26
915.42
912.60
909.79
906.99
904.20
901.42
898.65
895.89
893.13
890.39
887.66
884.94
882.23
879.52
876.83
874.15
871.47
868.81
866.15
863.51
860.87
858.24
855.62
853.02
850.42
847.83
845.25
842.67
840.11
837.56
835.01
832.48
829.95
827.43
824.92
822.42
819.93
817.45
814.98
812.51
810.05
807.61
805.17
802.74
800.31
797.90
795.49
793.10
790.71
788.33
785.96
783.59
781.24
778.89
776.55
774.22
771.90
769.59
767.28
764.98
762.69
760.41
758.14
755.87
753.61
751.36
749.12
746.88
744.65
742.43
740.22
738.02
735.82
733.63
731.45
729.28
727.11
724.95
722.80
720.66
718.52
716.39
714.27
712.15
710.05
707.95
705.85
703.77
701.69
699.62
697.56
695.50
693.45
691.41
689.37
687.34
685.32
683.30
681.30
679.29
677.30
675.31
673.33
671.36
669.39
667.43
665.47
663.53
661.59
659.65
657.73
655.80
653.89
651.98
650.08
648.19
646.30
644.42
642.54
640.67
638.81
636.95
635.10
633.26
631.42
629.59
627.76
625.94
624.13
622.32
620.52
618.73
616.94
615.15
613.38
611.61
609.84
608.08
606.33
604.58
602.84
601.11
599.38
597.65
595.93
594.22
592.52
590.82
589.12
587.43
585.75
584.07
582.40
580.73
579.07
577.41
575.76
574.12
572.48
570.84
569.22
567.59
565.98
564.36
562.76
561.15
559.56
557.97
556.38
554.80
553.23
551.66
550.09
548.53
546.98
545.43
543.89
542.35
540.81
539.28
537.76
536.24
534.73
533.22
531.71
530.22
528.72
527.23
525.75
524.27
522.80
521.33
519.86
518.40
516.95
515.50
514.05
512.61
511.17
509.74
508.32
506.89
505.48
504.06
502.66
501.25
499.85
498.46
497.07
495.68
494.30
492.93
491.55
490.19
488.82
487.47
486.11
484.76
483.42
482.08
480.74
479.41
478.08
476.76
475.44
474.12
472.81
471.50
470.20
468.90
467.61
466.32
465.03
463.75
462.48
461.20
459.93
458.67
457.41
456.15
454.90
453.65
452.40
451.16
449.93
448.69
447.46
446.24
445.02
443.80
442.59
441.38
440.17
438.97
437.77
436.58
435.39
434.20
433.02
431.84
430.67
429.50
428.33
427.16
426.00
424.85
423.70
422.55
421.40
420.26
419.12
417.99
416.86
415.73
414.60
413.48
412.37
411.25
410.14
409.04
407.94
406.84
405.74
404.65
403.56
402.47
401.39
400.31
399.24
398.17
397.10
396.03
394.97
393.91
392.86
391.81
390.76
389.71
388.67
387.63
386.60
385.57
384.54
383.51
382.49
381.47
380.45
379.44
378.43
377.43
376.42
375.42
374.42
373.43
372.44
371.45
370.47
369.49
368.51
367.53
366.56
365.59
364.62
363.66
362.70
361.74
360.79
359.83
358.89
357.94
357.00
356.06
355.12
354.19
353.25
352.33
351.40
350.48
349.56
348.64
347.73
346.82
345.91
345.00
344.10
343.20
342.30
341.41
340.52
339.63
338.74